Adding 0 circiut hyperplanes to `Vamos`: 1 -- [1]
[[{ matroid := [[0, 1, 2, 3], [0, 1, 4, 5], [0, 1, 6, 7], [2, 3, 4, 5], [2, 3, 6, 7]],
    remainingOptions := [[0, 2, 4, 6],
                         [1, 2, 4, 6],
                         [0, 3, 4, 6],
                         [1, 3, 4, 6],
                         [0, 2, 5, 6],
                         [1, 2, 5, 6],
                         [0, 3, 5, 6],
                         [1, 3, 5, 6],
                         [0, 2, 4, 7],
                         [1, 2, 4, 7],
                         [0, 3, 4, 7],
                         [1, 3, 4, 7],
                         [0, 2, 5, 7],
                         [1, 2, 5, 7],
                         [0, 3, 5, 7],
                         [1, 3, 5, 7]] }]]

Adding 1 circiut hyperplanes to `Vamos`: 16 -- [1]
[[{ matroid := [[0, 1, 2, 3], [0, 1, 4, 5], [0, 1, 6, 7], [0, 2, 4, 6], [2, 3, 4, 5], [2, 3, 6, 7]],
    remainingOptions := [] }]]

Adding 2 circiut hyperplanes to `Vamos`: 8, 8, 8, 16, 16, 32 -- [1, 1, 1, 1, 1, 1]
[[{ matroid := [[0, 1, 2, 3], [0, 1, 4, 5], [0, 1, 6, 7], [0, 3, 4, 6], [1, 2, 4, 6], [2, 3, 4, 5], [2, 3, 6, 7]],
    remainingOptions := [[0, 2, 5, 6], [0, 2, 4, 7], [0, 2, 5, 7]] }],
 [{ matroid := [[0, 1, 2, 3], [0, 1, 4, 5], [0, 1, 6, 7], [0, 2, 5, 7], [0, 3, 5, 6], [2, 3, 4, 5], [2, 3, 6, 7]],
    remainingOptions := [[0, 2, 4, 6]] }],
 [{ matroid := [[0, 1, 2, 3], [0, 1, 4, 5], [0, 1, 6, 7], [0, 3, 4, 7], [1, 2, 4, 6], [2, 3, 4, 5], [2, 3, 6, 7]],
    remainingOptions := [[0, 2, 5, 6], [0, 2, 5, 7]] }],
 [{ matroid := [[0, 1, 2, 3], [0, 1, 4, 5], [0, 1, 6, 7], [0, 2, 4, 6], [0, 2, 5, 7], [2, 3, 4, 5], [2, 3, 6, 7]],
    remainingOptions := [] }],
 [{ matroid := [[0, 1, 2, 3], [0, 1, 4, 5], [0, 1, 6, 7], [0, 2, 4, 7], [1, 2, 5, 6], [2, 3, 4, 5], [2, 3, 6, 7]],
    remainingOptions := [] }],
 [{ matroid := [[0, 1, 2, 3], [0, 1, 4, 5], [0, 1, 6, 7], [0, 3, 4, 7], [1, 2, 5, 6], [2, 3, 4, 5], [2, 3, 6, 7]],
    remainingOptions := [[0, 2, 4, 6], [0, 2, 5, 7]] }]]

Adding 3 circiut hyperplanes to `Vamos`: 32, 32, 144 -- [1, 1, 5]
[[{ matroid := [[0, 1, 2, 3],
                [0, 1, 4, 5],
                [0, 1, 6, 7],
                [0, 2, 5, 6],
                [0, 3, 4, 6],
                [1, 2, 4, 6],
                [2, 3, 4, 5],
                [2, 3, 6, 7]],
    remainingOptions := [[0, 2, 4, 7]] }],
 [{ matroid := [[0, 1, 2, 3],
                [0, 1, 4, 5],
                [0, 1, 6, 7],
                [0, 2, 4, 6],
                [0, 2, 5, 7],
                [0, 3, 5, 6],
                [2, 3, 4, 5],
                [2, 3, 6, 7]],
    remainingOptions := [] }],
 [{ matroid := [[0, 1, 2, 3],
                [0, 1, 4, 5],
                [0, 1, 6, 7],
                [0, 3, 5, 7],
                [1, 2, 5, 7],
                [1, 3, 4, 6],
                [2, 3, 4, 5],
                [2, 3, 6, 7]],
    remainingOptions := [[0, 2, 4, 6], [0, 2, 5, 6], [0, 2, 4, 7]] },
  { matroid := [[0, 1, 2, 3],
                [0, 1, 4, 5],
                [0, 1, 6, 7],
                [0, 2, 4, 6],
                [0, 2, 5, 7],
                [1, 3, 4, 7],
                [2, 3, 4, 5],
                [2, 3, 6, 7]],
    remainingOptions := [] },
  { matroid := [[0, 1, 2, 3],
                [0, 1, 4, 5],
                [0, 1, 6, 7],
                [0, 3, 4, 7],
                [0, 3, 5, 6],
                [1, 2, 5, 6],
                [2, 3, 4, 5],
                [2, 3, 6, 7]],
    remainingOptions := [[0, 2, 4, 6], [0, 2, 5, 7]] },
  { matroid := [[0, 1, 2, 3],
                [0, 1, 4, 5],
                [0, 1, 6, 7],
                [0, 3, 4, 7],
                [1, 2, 5, 6],
                [1, 3, 5, 7],
                [2, 3, 4, 5],
                [2, 3, 6, 7]],
    remainingOptions := [[0, 2, 4, 6], [0, 2, 5, 7]] },
  { matroid := [[0, 1, 2, 3],
                [0, 1, 4, 5],
                [0, 1, 6, 7],
                [0, 3, 4, 6],
                [1, 2, 5, 6],
                [1, 3, 4, 7],
                [2, 3, 4, 5],
                [2, 3, 6, 7]],
    remainingOptions := [[0, 2, 4, 7], [0, 2, 5, 7]] }]]

Adding 4 circiut hyperplanes to `Vamos`: 8, 8, 16, 16, 16, 32, 32, 36, 64 -- [1, 1, 1, 1, 1, 1, 1, 1, 5]
[[{ matroid := [[0, 1, 2, 3],
                [0, 1, 4, 5],
                [0, 1, 6, 7],
                [0, 2, 4, 7],
                [0, 3, 5, 7],
                [1, 2, 5, 7],
                [1, 3, 4, 7],
                [2, 3, 4, 5],
                [2, 3, 6, 7]],
    remainingOptions := [] }],
 [{ matroid := [[0, 1, 2, 3],
                [0, 1, 4, 5],
                [0, 1, 6, 7],
                [0, 2, 4, 7],
                [0, 2, 5, 6],
                [0, 3, 4, 6],
                [1, 2, 4, 6],
                [2, 3, 4, 5],
                [2, 3, 6, 7]],
    remainingOptions := [] }],
 [{ matroid := [[0, 1, 2, 3],
                [0, 1, 4, 5],
                [0, 1, 6, 7],
                [0, 2, 5, 6],
                [0, 3, 5, 7],
                [1, 2, 4, 6],
                [1, 3, 5, 6],
                [2, 3, 4, 5],
                [2, 3, 6, 7]],
    remainingOptions := [[0, 2, 4, 7]] }],
 [{ matroid := [[0, 1, 2, 3],
                [0, 1, 4, 5],
                [0, 1, 6, 7],
                [1, 2, 4, 6],
                [1, 2, 5, 7],
                [1, 3, 4, 7],
                [1, 3, 5, 6],
                [2, 3, 4, 5],
                [2, 3, 6, 7]],
    remainingOptions := [[0, 3, 4, 6], [0, 2, 5, 6], [0, 2, 4, 7], [0, 3, 5, 7]] }],
 [{ matroid := [[0, 1, 2, 3],
                [0, 1, 4, 5],
                [0, 1, 6, 7],
                [0, 2, 4, 7],
                [0, 2, 5, 6],
                [0, 3, 4, 6],
                [1, 3, 4, 7],
                [2, 3, 4, 5],
                [2, 3, 6, 7]],
    remainingOptions := [] }],
 [{ matroid := [[0, 1, 2, 3],
                [0, 1, 4, 5],
                [0, 1, 6, 7],
                [0, 2, 5, 6],
                [0, 3, 4, 7],
                [1, 2, 4, 7],
                [1, 3, 5, 7],
                [2, 3, 4, 5],
                [2, 3, 6, 7]],
    remainingOptions := [] }],
 [{ matroid := [[0, 1, 2, 3],
                [0, 1, 4, 5],
                [0, 1, 6, 7],
                [0, 2, 4, 7],
                [0, 3, 4, 6],
                [0, 3, 5, 7],
                [1, 3, 5, 6],
                [2, 3, 4, 5],
                [2, 3, 6, 7]],
    remainingOptions := [] }],
 [{ matroid := [[0, 1, 2, 3],
                [0, 1, 4, 5],
                [0, 1, 6, 7],
                [0, 2, 4, 7],
                [0, 2, 5, 6],
                [1, 2, 5, 7],
                [1, 3, 4, 6],
                [2, 3, 4, 5],
                [2, 3, 6, 7]],
    remainingOptions := [] }],
 [{ matroid := [[0, 1, 2, 3],
                [0, 1, 4, 5],
                [0, 1, 6, 7],
                [0, 2, 5, 7],
                [0, 3, 4, 6],
                [1, 2, 4, 7],
                [1, 3, 5, 6],
                [2, 3, 4, 5],
                [2, 3, 6, 7]],
    remainingOptions := [] },
  { matroid := [[0, 1, 2, 3],
                [0, 1, 4, 5],
                [0, 1, 6, 7],
                [0, 2, 4, 7],
                [0, 3, 5, 6],
                [1, 2, 5, 6],
                [1, 3, 4, 7],
                [2, 3, 4, 5],
                [2, 3, 6, 7]],
    remainingOptions := [] },
  { matroid := [[0, 1, 2, 3],
                [0, 1, 4, 5],
                [0, 1, 6, 7],
                [0, 2, 4, 6],
                [0, 2, 5, 7],
                [1, 3, 4, 6],
                [1, 3, 5, 7],
                [2, 3, 4, 5],
                [2, 3, 6, 7]],
    remainingOptions := [] },
  { matroid := [[0, 1, 2, 3],
                [0, 1, 4, 5],
                [0, 1, 6, 7],
                [0, 2, 5, 6],
                [0, 3, 4, 6],
                [1, 2, 5, 7],
                [1, 3, 4, 7],
                [2, 3, 4, 5],
                [2, 3, 6, 7]],
    remainingOptions := [[0, 2, 4, 7]] },
  { matroid := [[0, 1, 2, 3],
                [0, 1, 4, 5],
                [0, 1, 6, 7],
                [0, 3, 4, 7],
                [0, 3, 5, 6],
                [1, 2, 4, 6],
                [1, 2, 5, 7],
                [2, 3, 4, 5],
                [2, 3, 6, 7]],
    remainingOptions := [] }]]

Adding 5 circiut hyperplanes to `Vamos`: 32,32,64 -- [1, 1, 3]
[[{ matroid := [[0, 1, 2, 3],
                [0, 1, 4, 5],
                [0, 1, 6, 7],
                [0, 2, 4, 6],
                [0, 2, 5, 7],
                [0, 3, 4, 7],
                [1, 2, 4, 7],
                [1, 3, 4, 6],
                [2, 3, 4, 5],
                [2, 3, 6, 7]],
    remainingOptions := [] }],
 [{ matroid := [[0, 1, 2, 3],
                [0, 1, 4, 5],
                [0, 1, 6, 7],
                [0, 2, 4, 7],
                [0, 2, 5, 6],
                [0, 3, 4, 6],
                [0, 3, 5, 7],
                [1, 2, 4, 6],
                [2, 3, 4, 5],
                [2, 3, 6, 7]],
    remainingOptions := [] }],
 [{ matroid := [[0, 1, 2, 3],
                [0, 1, 4, 5],
                [0, 1, 6, 7],
                [0, 3, 4, 6],
                [0, 3, 5, 7],
                [1, 2, 4, 6],
                [1, 2, 5, 7],
                [1, 3, 5, 6],
                [2, 3, 4, 5],
                [2, 3, 6, 7]],
    remainingOptions := [[0, 2, 5, 6], [0, 2, 4, 7]] },
  { matroid := [[0, 1, 2, 3],
                [0, 1, 4, 5],
                [0, 1, 6, 7],
                [0, 2, 4, 6],
                [0, 3, 4, 7],
                [0, 3, 5, 6],
                [1, 2, 5, 6],
                [1, 3, 5, 7],
                [2, 3, 4, 5],
                [2, 3, 6, 7]],
    remainingOptions := [] },
  { matroid := [[0, 1, 2, 3],
                [0, 1, 4, 5],
                [0, 1, 6, 7],
                [0, 2, 5, 7],
                [0, 3, 4, 6],
                [1, 2, 4, 6],
                [1, 3, 4, 7],
                [1, 3, 5, 6],
                [2, 3, 4, 5],
                [2, 3, 6, 7]],
    remainingOptions := [] }]]

Adding 6 circiut hyperplanes to `Vamos`: 8,8,8,32 -- [1, 1, 1, 1]
[[{ matroid := [[0, 1, 2, 3],
                [0, 1, 4, 5],
                [0, 1, 6, 7],
                [0, 2, 4, 7],
                [0, 2, 5, 6],
                [0, 3, 4, 6],
                [1, 2, 4, 6],
                [1, 3, 4, 7],
                [1, 3, 5, 6],
                [2, 3, 4, 5],
                [2, 3, 6, 7]],
    remainingOptions := [] }],
 [{ matroid := [[0, 1, 2, 3],
                [0, 1, 4, 5],
                [0, 1, 6, 7],
                [0, 2, 4, 6],
                [0, 2, 5, 7],
                [0, 3, 4, 7],
                [0, 3, 5, 6],
                [1, 2, 5, 6],
                [1, 3, 4, 6],
                [2, 3, 4, 5],
                [2, 3, 6, 7]],
    remainingOptions := [] }],
 [{ matroid := [[0, 1, 2, 3],
                [0, 1, 4, 5],
                [0, 1, 6, 7],
                [0, 2, 4, 7],
                [0, 2, 5, 6],
                [0, 3, 4, 6],
                [0, 3, 5, 7],
                [1, 2, 4, 6],
                [1, 2, 5, 7],
                [2, 3, 4, 5],
                [2, 3, 6, 7]],
    remainingOptions := [] }],
 [{ matroid := [[0, 1, 2, 3],
                [0, 1, 4, 5],
                [0, 1, 6, 7],
                [0, 2, 4, 6],
                [0, 2, 5, 7],
                [0, 3, 5, 6],
                [1, 2, 4, 7],
                [1, 3, 4, 6],
                [1, 3, 5, 7],
                [2, 3, 4, 5],
                [2, 3, 6, 7]],
    remainingOptions := [] }]]

Adding 7 circiut hyperplanes to `Vamos`: 16 -- [1]
[[{ matroid := [[0, 1, 2, 3],
                [0, 1, 4, 5],
                [0, 1, 6, 7],
                [0, 2, 4, 6],
                [0, 2, 5, 7],
                [0, 3, 4, 7],
                [0, 3, 5, 6],
                [1, 2, 4, 7],
                [1, 2, 5, 6],
                [1, 3, 4, 6],
                [2, 3, 4, 5],
                [2, 3, 6, 7]],
    remainingOptions := [] }]]

Adding 8 circiut hyperplanes to `Vamos`: 2 -- [1]
[[{ matroid := [[0, 1, 2, 3],
                [0, 1, 4, 5],
                [0, 1, 6, 7],
                [0, 2, 4, 7],
                [0, 2, 5, 6],
                [0, 3, 4, 6],
                [0, 3, 5, 7],
                [1, 2, 4, 6],
                [1, 2, 5, 7],
                [1, 3, 4, 7],
                [1, 3, 5, 6],
                [2, 3, 4, 5],
                [2, 3, 6, 7]],
    remainingOptions := [] }]]
